     0/299     1.62G    0.1054   0.02221         0    0.1276        10       640         0         0         0         0   0.08923   0.01975         0
     1/299     1.54G   0.09119   0.02161         0    0.1128        15       640         0         0         0         0   0.08886     0.019         0
     2/299     1.54G   0.09047   0.01996         0    0.1104        16       640         0         0         0         0   0.08841   0.01828         0
     3/299     1.54G   0.09633   0.01919         0    0.1155        11       640         0         0         0         0   0.08794   0.01759         0
     4/299     1.54G    0.1027   0.01871         0    0.1214        16       640         0         0         0         0   0.08735     0.017         0
     5/299     1.54G    0.1033   0.01789         0    0.1212        15       640         0         0         0         0   0.08674   0.01647         0
     6/299     1.54G   0.09997   0.01742         0    0.1174        13       640         0         0         0         0   0.08601    0.0161         0
     7/299     1.54G   0.09499    0.0164         0    0.1114        11       640         0         0         0         0    0.0852   0.01577         0
     8/299     1.54G   0.09575   0.01602         0    0.1118        16       640         0         0         0         0   0.08441   0.01548         0
     9/299     1.54G   0.09146    0.0155         0     0.107        12       640         0         0         0         0   0.08352   0.01526         0
    10/299     1.54G    0.1048   0.01497         0    0.1198        14       640         0         0         0         0   0.08267    0.0151         0
    11/299     1.54G    0.1138   0.01449         0    0.1283        13       640         0         0         0         0   0.08194   0.01493         0
    12/299     1.54G   0.09111   0.01396         0    0.1051        12       640         0         0         0         0   0.08131   0.01484         0
    13/299     1.54G   0.09113   0.01473         0    0.1059        11       640         0         0         0         0   0.08061   0.01472         0
    14/299     1.54G   0.09978   0.01428         0    0.1141        13       640 0.0001003   0.02083 3.082e-06 3.082e-07   0.07963   0.01459         0
    15/299     1.54G   0.09356   0.01379         0    0.1073        17       640 8.469e-05   0.02083 2.781e-06 2.781e-07   0.07821   0.01458         0
    16/299     1.54G   0.08114    0.0137         0   0.09484        16       640         0         0         0         0   0.07707    0.0145         0
    17/299     1.54G   0.08633     0.013         0   0.09933        12       640         0         0         0         0   0.07565   0.01443         0
    18/299     1.54G   0.09331    0.0128         0    0.1061        11       640 7.029e-05   0.02083 2.175e-06 2.175e-07    0.0752   0.01418         0
    19/299     1.54G   0.08754   0.01443         0     0.102        13       640  9.57e-05   0.02083 3.505e-06 7.009e-07   0.07449   0.01415         0
    20/299     1.54G   0.08238   0.01354         0   0.09591        16       640         0         0         0         0   0.07378   0.01409         0
    21/299     1.54G   0.07672   0.01375         0   0.09047        13       640         0         0         0         0   0.07256   0.01398         0
    22/299     1.54G   0.08371   0.01299         0   0.09669         7       640 6.956e-05   0.02083 2.005e-06  4.01e-07   0.07161   0.01398         0
    23/299     1.54G   0.07659   0.01313         0   0.08972        16       640 7.091e-05   0.02083 2.237e-06 1.118e-06   0.07103   0.01391         0
    24/299     1.54G   0.09084   0.01228         0    0.1031        17       640 7.217e-05   0.02083  2.39e-06 4.781e-07    0.0705   0.01383         0
    25/299     1.54G   0.07792   0.01311         0   0.09103        13       640         0         0         0         0    0.0696   0.01385         0
    26/299     1.54G   0.08278   0.01276         0   0.09553        14       640         0         0         0         0   0.06908   0.01379         0
    27/299     1.54G   0.08154   0.01254         0   0.09407        13       640 9.463e-05   0.02083 2.552e-06 5.104e-07   0.06887   0.01371         0
    28/299     1.54G   0.08062   0.01145         0   0.09208        15       640 6.945e-05   0.02083 2.494e-06 7.483e-07   0.06891   0.01364         0
    29/299     1.54G   0.07347   0.01196         0   0.08543        17       640         0         0         0         0   0.06927    0.0135         0
    30/299     1.54G   0.07987   0.01198         0   0.09185        17       640         0         0         0         0   0.06784   0.01356         0
    31/299     1.54G   0.07299   0.01165         0   0.08464        24       640         0         0         0         0    0.0674    0.0135         0
    32/299     1.54G   0.09615   0.01209         0    0.1082        19       640         0         0         0         0   0.06685   0.01353         0
    33/299     1.54G   0.07019    0.0116         0   0.08179        13       640 6.944e-05   0.02083 1.975e-06 7.901e-07   0.06523   0.01361         0
    34/299     1.54G   0.08454   0.01194         0   0.09648        13       640   8.8e-05   0.02083  2.45e-06 9.801e-07   0.06477   0.01367         0
    35/299     1.54G   0.07703   0.01291         0   0.08993        19       640 9.707e-05   0.02083 2.761e-06 8.284e-07   0.06427   0.01366         0
    36/299     1.54G   0.07437    0.0111         0   0.08547        12       640  0.000103   0.02083 2.998e-06 5.996e-07   0.06425   0.01357         0
    37/299     1.54G   0.08532   0.01132         0   0.09664        13       640 0.0001083   0.02083 2.911e-06 5.823e-07   0.06391   0.01354         0
    38/299     1.54G   0.07067   0.01143         0    0.0821        16       640 6.948e-05   0.02083 2.418e-06 4.835e-07   0.06443   0.01341         0
    39/299     1.54G   0.07863    0.0103         0   0.08893        12       640 6.976e-05   0.02083 2.267e-06 2.267e-07   0.06458    0.0134         0
    40/299     1.54G   0.07232   0.01214         0   0.08447        11       640 7.068e-05   0.02083 2.231e-06 4.462e-07   0.06274    0.0136         0
    41/299     1.54G   0.06383   0.01115         0   0.07497        19       640 7.213e-05   0.02083 1.913e-06 3.826e-07    0.0624    0.0136         0
    42/299     1.54G   0.06843   0.01137         0   0.07979        16       640 0.0001389   0.04167 6.658e-06 1.885e-06   0.06352   0.01341         0
    43/299     1.54G   0.06372   0.01096         0   0.07468        11       640 0.0001389   0.04167 6.568e-06 2.058e-06   0.06263    0.0135         0
    44/299     1.54G   0.06351   0.01132         0   0.07483        13       640 0.0001389   0.04167 6.643e-06 1.463e-06    0.0603   0.01367         0
    45/299     1.54G   0.07347   0.01148         0   0.08494        17       640 0.0001389   0.04167  7.08e-06 1.688e-06   0.06124   0.01353         0
    46/299     1.54G   0.06491   0.01175         0   0.07666        14       640 0.0002083    0.0625 1.621e-05 3.243e-06   0.05901   0.01377         0
    47/299     1.54G   0.06646   0.01205         0   0.07851         9       640 0.0003513   0.08333 3.103e-05 4.987e-06   0.05764   0.01389         0
    48/299     1.54G   0.05884   0.01144         0   0.07028        11       640 0.0001825   0.04167 1.064e-05 3.543e-06   0.06094   0.01347         0
    49/299     1.54G   0.06269   0.01197         0   0.07466        13       640 0.0002083    0.0625 1.795e-05  4.95e-06   0.06046   0.01353         0
    50/299     1.54G   0.07875    0.0117         0   0.09045        12       640 0.0004861    0.1458 7.828e-05 1.542e-05   0.05756   0.01373         0
    51/299     1.54G   0.05973   0.01161         0   0.07134        12       640 0.0009028    0.2708 0.0002619 4.189e-05   0.05932   0.01352         0
    52/299     1.54G   0.06841   0.01257         0   0.08098        14       640  0.001325      0.25 0.0004088 7.597e-05   0.05716   0.01371         0
    53/299     1.54G   0.06457    0.0123         0   0.07687        17       640   0.00219    0.1667  0.001026 0.0001473   0.05691   0.01359         0
    54/299     1.54G   0.06669   0.01194         0   0.07863        18       640    0.0126   0.02083  0.002403 0.0004245   0.05361   0.01393         0
    55/299     1.54G   0.06338   0.01137         0   0.07475         8       640  0.005794    0.2083  0.002992 0.0004905    0.0561   0.01355         0
    56/299     1.54G   0.06434   0.01058         0   0.07492        11       640   0.01332    0.2083  0.004343 0.0007442   0.05908   0.01288         0
    57/299     1.54G   0.06028   0.01104         0   0.07132        18       640   0.01715    0.1875  0.005447 0.0009756   0.06131   0.01273         0
    58/299     1.54G   0.07509   0.01173         0   0.08682         6       640   0.02603    0.1667    0.0115   0.00187   0.05321   0.01359         0
    59/299     1.54G   0.06878   0.01232         0    0.0811        12       640   0.07548   0.08333   0.01893  0.003456   0.05241   0.01357         0
    60/299     1.54G   0.05411   0.01189         0     0.066        16       640    0.0528    0.1042   0.01598  0.003117   0.05236    0.0135         0
    61/299     1.54G   0.05276   0.01246         0   0.06522        13       640   0.03475    0.1667    0.0119  0.002465   0.05405   0.01317         0
    62/299     1.54G    0.0681   0.01268         0   0.08078        11       640   0.04281     0.125   0.01466  0.002879    0.0537   0.01319         0
    63/299     1.54G   0.06157    0.0124         0   0.07397        15       640   0.02849    0.1458   0.01089   0.00208   0.05502   0.01314         0
    64/299     1.54G   0.06791    0.0125         0   0.08042        19       640    0.1002    0.2272   0.03489  0.005717   0.05535   0.01287         0
    65/299     1.54G   0.05565   0.01168         0   0.06733        15       640   0.07628    0.1875   0.03006  0.004821   0.05443   0.01295         0
    66/299     1.54G   0.06237   0.01175         0   0.07412        13       640   0.06309    0.2932   0.04089  0.006639   0.04914   0.01361         0
    67/299     1.54G   0.06152   0.01138         0    0.0729        14       640   0.09665    0.2292   0.05347  0.009112   0.05045   0.01333         0
    68/299     1.54G   0.06747   0.01303         0    0.0805        15       640     0.742    0.0605   0.08028    0.0173   0.04965   0.01318         0
    69/299     1.54G   0.06735   0.01298         0   0.08033        22       640   0.07762    0.1875   0.07199   0.01848   0.04912   0.01302         0
    70/299     1.54G   0.05238   0.01191         0    0.0643        20       640   0.07347    0.2708   0.03648  0.006416    0.0494   0.01283         0
    71/299     1.54G   0.05712   0.01303         0   0.07015        14       640   0.07808      0.25   0.03948  0.006495   0.04955   0.01287         0
    72/299     1.54G   0.04787   0.01171         0   0.05958        17       640   0.07883    0.3333   0.06824   0.01087   0.04774   0.01317         0
    73/299     1.54G   0.06901   0.01355         0   0.08256        14       640   0.09341    0.2708   0.06985   0.01497   0.04948   0.01281         0
    74/299     1.54G   0.06361   0.01117         0   0.07477        15       640    0.0918    0.3958   0.07213   0.01737   0.04559   0.01315         0
    75/299     1.54G   0.06934   0.01097         0   0.08031        20       640    0.1054    0.3958    0.0801   0.01503   0.04681   0.01294         0
    76/299     1.54G   0.06506    0.0121         0   0.07716        15       640    0.1224    0.3958   0.09004   0.01694   0.04541   0.01315         0
    77/299     1.54G   0.05985   0.01028         0   0.07013        17       640    0.1022    0.4167   0.08343   0.01545   0.04629    0.0131         0
    78/299     1.54G   0.04559  0.009946         0   0.05554        13       640   0.09368    0.4375   0.08467   0.01878   0.04401   0.01312         0
    79/299     1.54G   0.04971  0.009987         0    0.0597        11       640    0.1043    0.4167   0.09617    0.0274   0.04561   0.01287         0
    80/299     1.54G   0.04804   0.01206         0    0.0601        13       640    0.1658    0.3726    0.1009     0.024   0.04352   0.01297         0
    81/299     1.54G   0.06257   0.01266         0   0.07523        10       640    0.1646    0.4583     0.149   0.03065   0.04368   0.01299         0
    82/299     1.54G   0.05556   0.01276         0   0.06832        14       640    0.1432    0.4375    0.1001   0.02043   0.04405   0.01254         0
    83/299     1.54G   0.06587    0.0124         0   0.07827        13       640    0.1681    0.3542    0.1903   0.04108   0.04293   0.01281         0
    84/299     1.54G   0.04672   0.01241         0   0.05913        13       640    0.1963    0.4325    0.1912   0.04167   0.04132   0.01279         0
    85/299     1.54G   0.05838   0.01035         0   0.06873        10       640    0.1615    0.2917   0.08813   0.01923   0.04647   0.01163         0
    86/299     1.54G   0.06452  0.009479         0     0.074        16       640    0.3155     0.125    0.1363   0.04446   0.05801   0.01054         0
    87/299     1.54G   0.06104    0.0105         0   0.07154        11       640    0.1671    0.4583    0.1343   0.02679   0.04548   0.01246         0
    88/299     1.54G    0.0526   0.01201         0    0.0646        16       640     0.156    0.4507    0.1533   0.02863    0.0434    0.0126         0
    89/299     1.54G   0.05687   0.01152         0   0.06839        12       640    0.1624     0.375    0.1531   0.03416   0.04334   0.01233         0
    90/299     1.54G   0.04379   0.01185         0   0.05563        19       640    0.4601    0.3125    0.2464   0.04867   0.04296   0.01241         0
    91/299     1.54G   0.05409  0.009917         0   0.06401        11       640    0.4118    0.1667    0.1514   0.04158   0.05378   0.01058         0
    92/299     1.54G   0.06465  0.009836         0   0.07449        11       640    0.6876    0.4127     0.394   0.07529   0.04416   0.01201         0
    93/299     1.54G   0.05093   0.01047         0   0.06141        11       640     0.641    0.4792    0.4335   0.09376   0.04078   0.01246         0
    94/299     1.54G   0.05456   0.01264         0    0.0672        12       640    0.7695    0.4167    0.4352    0.0866   0.04005   0.01257         0
    95/299     1.54G   0.04968   0.01073         0   0.06042        13       640    0.3998     0.472    0.3783   0.07194    0.0432   0.01207         0
    96/299     1.54G   0.04357   0.01101         0   0.05458        17       640    0.7463    0.3958    0.4511   0.09735   0.04004   0.01198         0
    97/299     1.54G   0.04467   0.01088         0   0.05555        13       640    0.5555    0.4167    0.3679    0.0787   0.04448   0.01149         0
    98/299     1.54G   0.04878   0.01035         0   0.05913        16       640    0.6081    0.4583    0.4196   0.08234   0.04524   0.01118         0
    99/299     1.54G   0.06543   0.01117         0    0.0766         7       640      0.62    0.4759    0.4114   0.08919   0.04363   0.01123         0
   100/299     1.54G   0.05202   0.01079         0   0.06281        21       640    0.6275    0.5615    0.4555    0.1045   0.04138   0.01093         0
   101/299     1.54G   0.05899  0.008691         0   0.06768        13       640    0.5581       0.5    0.3799   0.08354   0.04393   0.01047         0
   102/299     1.54G   0.06021  0.009825         0   0.07004        14       640    0.5623    0.5354    0.4094    0.1239   0.03983   0.01084         0
   103/299     1.54G    0.0507  0.009071         0   0.05977        15       640    0.5744    0.5625    0.4264    0.1249   0.03861    0.0112         0
   104/299     1.54G   0.05216   0.01047         0   0.06262        11       640    0.6906    0.5625    0.5054    0.1636    0.0362   0.01148         0
   105/299     1.54G   0.05413  0.009876         0     0.064        16       640     0.724    0.6042    0.5678    0.1519   0.04034   0.01092         0
   106/299     1.54G   0.05314  0.009151         0    0.0623        14       640    0.7423    0.4583    0.4983    0.1449   0.04848  0.009646         0
   107/299     1.54G   0.06008  0.008061         0   0.06814        20       640    0.7423    0.4583    0.4983    0.1449   0.04848  0.009646         0
   108/299     1.54G   0.05649  0.009207         0    0.0657        17       640    0.7186    0.3958    0.4592    0.1219   0.05447  0.008842         0
   109/299     1.54G    0.0775  0.008468         0   0.08597        15       640     0.444       0.5    0.4139    0.1089   0.05558  0.008738         0
   110/299     1.54G   0.06434  0.008424         0   0.07276        12       640    0.4524    0.5417    0.4203    0.1003   0.05441  0.009051         0
   111/299     1.54G   0.05825  0.008575         0   0.06682        16       640    0.4793    0.5417    0.4023    0.1091   0.05136    0.0097         0
   112/299     1.54G   0.04778   0.01175         0   0.05953        14       640    0.6246    0.5208    0.5498    0.1352   0.04779   0.01032         0
   113/299     1.54G   0.04924   0.00791         0   0.05715         7       640    0.5709    0.5821    0.5579    0.1423   0.04413   0.01085         0
   114/299     1.54G   0.05365  0.008947         0   0.06259        15       640    0.6395    0.5174    0.5679      0.15   0.04207     0.011         0
   115/299     1.54G   0.04504  0.009223         0   0.05426        14       640    0.5351    0.7083    0.5973    0.1373   0.04205   0.01084         0
   116/299     1.54G   0.05585  0.009904         0   0.06576        11       640    0.5669    0.7083    0.6247    0.1664   0.04079   0.01089         0
   117/299     1.54G   0.04345  0.009549         0     0.053        13       640     0.638    0.6243    0.6126    0.1602   0.03953   0.01083         0
   118/299     1.54G   0.04999  0.009627         0   0.05961        11       640    0.6131    0.5625    0.5758    0.1514   0.03917    0.0106         0
   119/299     1.54G   0.04825   0.01041         0   0.05866        17       640    0.6445     0.642    0.6366    0.1859   0.03765   0.01057         0
   120/299     1.54G   0.04143  0.009403         0   0.05084        18       640    0.6023    0.6042    0.5876    0.1832   0.03805   0.01028         0
   121/299     1.54G   0.05625  0.009589         0   0.06584        10       640    0.6145    0.6643    0.6215    0.1758   0.03763   0.01014         0
   122/299     1.54G    0.0491  0.009836         0   0.05893        14       640    0.7718    0.6458    0.6955    0.1821   0.03745   0.01004         0
   123/299     1.54G   0.04393  0.009448         0   0.05338        11       640    0.7822      0.75    0.7588    0.2065   0.03671   0.01001         0
   124/299     1.54G   0.06032   0.00841         0   0.06873         9       640    0.6872    0.6866    0.6983    0.1746   0.03687  0.009812         0
   125/299     1.54G   0.04008  0.008582         0   0.04866        15       640    0.7208    0.6453    0.6611    0.1734   0.03698  0.009632         0
   126/299     1.54G   0.04103  0.008413         0   0.04944        19       640     0.666    0.6648    0.6521    0.1807   0.03627  0.009619         0
   127/299     1.54G    0.0378  0.008708         0    0.0465         8       640    0.6321    0.6443    0.6132    0.1683   0.03596  0.009606         0
   128/299     1.54G   0.03911  0.007953         0   0.04706         6       640    0.5951    0.5833     0.568    0.1709   0.03595  0.009549         0
   129/299     1.54G   0.04128  0.009646         0   0.05093        14       640    0.6161    0.6042    0.6026    0.1711   0.03652  0.009429         0
   130/299     1.54G   0.05378   0.00873         0   0.06251        17       640    0.5989     0.625    0.6065    0.1714   0.03749  0.009337         0
   131/299     1.54G   0.04885  0.008606         0   0.05745        18       640    0.4668       0.5    0.3305   0.07279   0.04185  0.008985         0
   132/299     1.54G   0.04912  0.007721         0   0.05684        14       640    0.4668       0.5    0.3305   0.07279   0.04185  0.008985         0
   133/299     1.54G   0.05611  0.008958         0   0.06507        17       640    0.3181    0.4583    0.2739   0.05495   0.04597  0.008673         0
   134/299     1.54G   0.05472   0.00766         0   0.06238        12       640    0.4307    0.5833    0.3665   0.06848   0.04249  0.009248         0
   135/299     1.54G   0.04885  0.008413         0   0.05726        11       640    0.4749     0.625    0.4367     0.113    0.0375  0.009904         0
   136/299     1.54G   0.04816  0.008751         0   0.05691        11       640    0.6535    0.7083    0.6428    0.1689   0.03733  0.009841         0
   137/299     1.54G    0.0413   0.00886         0   0.05016        10       640    0.4279     0.625    0.5369     0.144   0.03916  0.009586         0
   138/299     1.54G   0.05041  0.008797         0    0.0592        15       640    0.5189    0.5617    0.4617    0.0983   0.04085   0.00881         0
   139/299     1.54G    0.0526  0.007513         0   0.06011        12       640    0.5189    0.5617    0.4617    0.0983   0.04085   0.00881         0
   140/299     1.54G   0.06148   0.00795         0   0.06943        11       640     0.278    0.5535    0.2566   0.04998   0.04603  0.008043         0
   141/299     1.54G   0.05612  0.007699         0   0.06381        18       640    0.3867    0.4583    0.3472   0.06921   0.04367  0.008293         0
   142/299     1.54G   0.05216  0.007889         0   0.06005        20       640    0.5258    0.5833    0.5574    0.1256   0.04091  0.008702         0
   143/299     1.54G   0.04022  0.008168         0   0.04839        17       640    0.4393    0.6038    0.4879     0.115   0.03892  0.009136         0
   144/299     1.54G   0.06007  0.008963         0   0.06903        16       640    0.5801    0.6619    0.5837    0.1504   0.03967  0.009408         0
   145/299     1.54G   0.04833  0.008838         0   0.05716        14       640    0.6092    0.4583    0.5067    0.1181   0.03671  0.009477         0
   146/299     1.54G   0.04973  0.009106         0   0.05883        15       640    0.6092    0.4583    0.5067    0.1181   0.03671  0.009477         0
   147/299     1.54G   0.04751  0.007714         0   0.05522        13       640     0.499    0.4565    0.4302   0.08645   0.04077  0.009114         0
   148/299     1.54G   0.05275  0.008661         0   0.06141        17       640    0.6253    0.5625    0.5738    0.1438   0.03863  0.009626         0
   149/299     1.54G   0.04241  0.009814         0   0.05223        10       640    0.7489     0.625    0.6333    0.2087   0.03444   0.01015         0
   150/299     1.54G   0.04805  0.008972         0   0.05702        11       640    0.7218    0.5417    0.6054      0.19   0.03858  0.009277         0
   151/299     1.54G   0.04165  0.008656         0   0.05031        13       640    0.4923    0.6667    0.5325    0.1525   0.03643   0.00915         0
   152/299     1.54G    0.0424  0.007778         0   0.05017        12       640    0.4369    0.4375    0.4003   0.08323   0.04878  0.007483         0
   153/299     1.54G   0.05957   0.00714         0   0.06671        12       640    0.4369    0.4375    0.4003   0.08323   0.04878  0.007483         0
   154/299     1.54G   0.05831  0.006735         0   0.06504        10       640    0.2755    0.2708    0.1884   0.03292   0.06096  0.006132         0
   155/299     1.54G   0.06607  0.006019         0   0.07208        14       640    0.2755    0.2708    0.1884   0.03292   0.06096  0.006132         0
   156/299     1.54G    0.0665   0.00567         0   0.07217        14       640    0.2195    0.2292    0.1265   0.02244   0.06333  0.005788         0
   157/299     1.54G   0.06574   0.00739         0   0.07313        15       640     0.478    0.5208    0.4175    0.1238    0.0526  0.007097         0
   158/299     1.54G   0.05479  0.008159         0   0.06295        22       640    0.6216    0.7292    0.6603    0.1747   0.03777  0.009125         0
   159/299     1.54G   0.04234  0.008372         0   0.05071        14       640    0.6216    0.7292    0.6603    0.1747   0.03777  0.009125         0
   160/299     1.54G   0.05004  0.008688         0   0.05873        17       640    0.6796    0.7072    0.6526    0.1873   0.03931  0.009014         0
   161/299     1.54G   0.04286  0.008943         0   0.05181        14       640    0.7165    0.6846    0.7153    0.2091   0.04046  0.008797         0
   162/299     1.54G    0.0529  0.008976         0   0.06188        19       640     0.691    0.5593    0.5909    0.1899   0.03662   0.00927         0
   163/299     1.54G   0.05045  0.008941         0   0.05939        11       640     0.691    0.5593    0.5909    0.1899   0.03662   0.00927         0
   164/299     1.54G   0.04616  0.008781         0   0.05494        17       640    0.6414    0.5589    0.5465    0.1725   0.03689  0.009192         0
   165/299     1.54G   0.04421  0.008134         0   0.05234        15       640    0.7137    0.5714    0.6468    0.1927   0.03595  0.009225         0
   166/299     1.54G    0.0416  0.008358         0   0.04996        11       640    0.8043    0.6875    0.7119     0.202   0.03577  0.009114         0
   167/299     1.54G   0.04692  0.008796         0   0.05572        13       640    0.8043    0.6875    0.7119     0.202   0.03577  0.009114         0
   168/299     1.54G     0.047  0.009935         0   0.05694        19       640    0.6525    0.6458    0.5981     0.144   0.03814  0.008729         0
   169/299     1.54G   0.05356  0.009078         0   0.06263        14       640    0.7095    0.6667    0.6696     0.195   0.03491  0.008947         0
   170/299     1.54G   0.05059   0.00875         0   0.05934        13       640    0.7794    0.6625    0.7128    0.2498   0.03574  0.008634         0
   171/299     1.54G   0.05321  0.007218         0   0.06043        11       640    0.7794    0.6625    0.7128    0.2498   0.03574  0.008634         0
   172/299     1.54G   0.04415  0.007712         0   0.05187        15       640     0.566    0.7083    0.6269    0.2154   0.03853   0.00818         0
   173/299     1.54G   0.05042  0.007631         0   0.05805        13       640    0.6734    0.6443    0.6758    0.2326   0.03602  0.008146         0
   174/299     1.54G   0.04347  0.008366         0   0.05183        17       640    0.6855    0.6811    0.7216    0.2492   0.03285  0.008152         0
   175/299     1.54G   0.03739  0.007965         0   0.04535        13       640    0.6855    0.6811    0.7216    0.2492   0.03285  0.008152         0
   176/299     1.54G   0.04844  0.008122         0   0.05656        14       640    0.5591    0.6875    0.6619    0.2027   0.03445  0.007921         0
   177/299     1.54G   0.04623  0.007019         0   0.05325        13       640    0.6888    0.6457    0.7067     0.224   0.03377  0.007956         0
   178/299     1.54G   0.04797   0.00813         0    0.0561        11       640    0.7749    0.6454    0.7404    0.2674   0.03265  0.007907         0
   179/299     1.54G   0.03639   0.00792         0   0.04431        12       640    0.7749    0.6454    0.7404    0.2674   0.03265  0.007907         0
   180/299     1.54G   0.03695  0.007838         0   0.04479        18       640    0.7638     0.625    0.7329    0.3085    0.0326  0.007841         0
   181/299     1.54G   0.04291   0.00773         0   0.05064        14       640    0.6905    0.7917    0.7902    0.3302   0.03214  0.007845         0
   182/299     1.54G   0.04643  0.008141         0   0.05457        10       640    0.7447    0.7291    0.7736    0.3246    0.0325  0.007797         0
   183/299     1.54G   0.04335  0.007389         0   0.05074        16       640    0.7447    0.7291    0.7736    0.3246    0.0325  0.007797         0
   184/299     1.54G   0.04167  0.007341         0   0.04901        12       640    0.6599    0.7708     0.738    0.3063   0.03336  0.007772         0
   185/299     1.54G    0.0408  0.007613         0   0.04841        15       640    0.7999    0.7496     0.817    0.3352   0.03427  0.007759         0
   186/299     1.54G   0.03621  0.009283         0   0.04549        19       640    0.7636    0.8747     0.813    0.2769    0.0333  0.007678         0
   187/299     1.54G    0.0562    0.0073         0    0.0635        10       640    0.7636    0.8747     0.813    0.2769    0.0333  0.007678         0
   188/299     1.54G    0.0484  0.007125         0   0.05552        14       640    0.7311    0.8542    0.7905    0.2202   0.03447  0.007568         0
   189/299     1.54G   0.03516  0.007026         0   0.04218        10       640    0.7642    0.8958    0.8205    0.3107   0.03342  0.007598         0
   190/299     1.54G   0.03321  0.006555         0   0.03976        13       640    0.7536    0.8958     0.802    0.3409   0.03367  0.007475         0
   191/299     1.54G   0.04224  0.007465         0   0.04971         9       640    0.7536    0.8958     0.802    0.3409   0.03367  0.007475         0
   192/299     1.54G    0.0377  0.006785         0   0.04448        15       640    0.7164    0.8947    0.8071    0.3242   0.03293  0.007445         0
   193/299     1.54G   0.03448  0.007068         0   0.04154         9       640    0.7539    0.8933    0.8257    0.3466   0.03012  0.007569         0
   194/299     1.54G   0.03987  0.008433         0    0.0483        14       640    0.7543    0.8957    0.8089     0.318   0.03006  0.007518         0
   195/299     1.54G   0.04405   0.00813         0   0.05218        12       640    0.7543    0.8957    0.8089     0.318   0.03006  0.007518         0
   196/299     1.54G   0.05169  0.007936         0   0.05962        14       640    0.7673    0.8958    0.8245    0.2943   0.03085   0.00744         0
   197/299     1.54G    0.0392  0.006659         0   0.04586         9       640     0.921    0.7286    0.8328    0.3129    0.0302   0.00742         0
   198/299     1.54G   0.04365  0.006422         0   0.05007         8       640    0.6933    0.7083    0.7207    0.3132   0.03193  0.007283         0
   199/299     1.54G   0.04625   0.00782         0   0.05407        11       640    0.6933    0.7083    0.7207    0.3132   0.03193  0.007283         0
   200/299     1.54G   0.04337  0.006812         0   0.05019        15       640    0.6411    0.7071    0.6787    0.2591   0.03451  0.007134         0
   201/299     1.54G   0.04243  0.006848         0   0.04928        10       640    0.8749    0.7285    0.7964    0.3116   0.03399  0.007109         0
   202/299     1.54G   0.04755  0.006558         0   0.05411        10       640     0.826    0.7913    0.8073    0.3008    0.0314  0.007233         0
   203/299     1.54G   0.04191  0.008047         0   0.04996        13       640     0.826    0.7913    0.8073    0.3008    0.0314  0.007233         0
   204/299     1.54G   0.04571  0.006506         0   0.05222         8       640    0.8109    0.8958    0.8531    0.2849   0.03217  0.007189         0
   205/299     1.54G   0.04134  0.006532         0   0.04787         9       640    0.8902    0.8542      0.85    0.3083   0.03148  0.007172         0
   206/299     1.54G   0.03813  0.007238         0   0.04537        15       640    0.7924    0.8749    0.8212    0.3131   0.03039  0.007244         0
   207/299     1.54G   0.03714  0.007643         0   0.04478        10       640    0.7924    0.8749    0.8212    0.3131   0.03039  0.007244         0
   208/299     1.54G    0.0345   0.00628         0   0.04078        17       640    0.7679    0.8958    0.8128    0.3071   0.03052  0.007232         0
   209/299     1.54G   0.03621  0.007427         0   0.04364        16       640    0.7879    0.8542     0.845     0.326   0.03053  0.007216         0
   210/299     1.54G   0.03368  0.007162         0   0.04084        15       640    0.8571    0.8748    0.8512    0.3313   0.03042  0.007186         0
   211/299     1.54G   0.03938  0.006796         0   0.04617        14       640    0.8571    0.8748    0.8512    0.3313   0.03042  0.007186         0
   212/299     1.54G   0.04348  0.006274         0   0.04976        19       640    0.8399    0.8746    0.8439    0.3223   0.03119  0.007158         0
   213/299     1.54G    0.0393  0.007114         0   0.04642        18       640    0.8775    0.8958    0.8659    0.3414   0.03068  0.007224         0
   214/299     1.54G   0.03395   0.00597         0   0.03992        15       640    0.8541    0.8542    0.8386    0.3535   0.03062  0.007222         0
   215/299     1.54G   0.03549  0.006817         0    0.0423        15       640    0.8541    0.8542    0.8386    0.3535   0.03062  0.007222         0
   216/299     1.54G    0.0385  0.006824         0   0.04532        18       640    0.8913    0.8541    0.8277    0.3426   0.03143  0.007212         0
   217/299     1.54G   0.03053  0.006688         0   0.03722        17       640    0.8571     0.875    0.8874    0.3623   0.03119  0.007258         0
   218/299     1.54G     0.044  0.006625         0   0.05062        16       640    0.8541    0.8538       0.8    0.3397    0.0311  0.007304         0
   219/299     1.54G   0.04175  0.006973         0   0.04872        10       640    0.8541    0.8538       0.8    0.3397    0.0311  0.007304         0
   220/299     1.54G   0.03138  0.006444         0   0.03783        14       640    0.8039     0.854    0.7989    0.3365   0.03209  0.007254         0
   221/299     1.54G   0.03312   0.00713         0   0.04025        10       640    0.8396     0.875    0.8603     0.362   0.03084  0.007251         0
   222/299     1.54G   0.04662  0.006861         0   0.05348        13       640    0.8882    0.8333    0.8185     0.296   0.03147  0.007177         0
   223/299     1.54G   0.04181  0.008073         0   0.04988        14       640    0.8882    0.8333    0.8185     0.296   0.03147  0.007177         0
   224/299     1.54G   0.03704  0.007779         0   0.04482        11       640    0.8658    0.8125      0.79    0.2518   0.03273  0.007134         0
   225/299     1.54G   0.04335  0.007456         0   0.05081        14       640    0.8232     0.875    0.8631    0.3517   0.03007  0.007208         0
   226/299     1.54G   0.03595  0.005981         0   0.04193        20       640    0.8665    0.8114    0.8586    0.3447    0.0299  0.007257         0
   227/299     1.54G   0.03897  0.007541         0   0.04652        15       640    0.8665    0.8114    0.8586    0.3447    0.0299  0.007257         0
   228/299     1.54G   0.03207  0.006597         0   0.03866        13       640    0.7646    0.8119    0.7887    0.3068   0.03078  0.007261         0
   229/299     1.54G   0.03436  0.006441         0    0.0408         9       640    0.8039    0.8539    0.8399    0.3417   0.03037  0.007289         0
   230/299     1.54G   0.04477   0.00714         0   0.05191        14       640    0.8664    0.8125    0.8098    0.3549    0.0301  0.007277         0
   231/299     1.54G   0.04415  0.007624         0   0.05178        17       640    0.8664    0.8125    0.8098    0.3549    0.0301  0.007277         0
   232/299     1.54G   0.03453  0.006209         0   0.04074        13       640    0.8666    0.8123    0.8155    0.3155   0.03082  0.007221         0
   233/299     1.54G   0.03065  0.006102         0   0.03675         8       640     0.851    0.8329    0.8383    0.3226   0.02988   0.00725         0
   234/299     1.54G    0.0365  0.007356         0   0.04385        11       640    0.8367    0.8537    0.8682    0.3519   0.02903  0.007298         0
   235/299     1.54G   0.04038  0.007221         0    0.0476        14       640    0.8367    0.8537    0.8682    0.3519   0.02903  0.007298         0
   236/299     1.54G   0.04391  0.007232         0   0.05115        18       640    0.9225      0.75    0.8495    0.3321    0.0293  0.007261         0
   237/299     1.54G   0.03676  0.006229         0   0.04299        12       640     0.851    0.8333    0.8606    0.3339   0.02881  0.007217         0
   238/299     1.54G   0.03571  0.007461         0   0.04317        21       640    0.8661    0.8125    0.8299    0.3366   0.02838  0.007225         0
   239/299     1.54G   0.04301  0.007695         0   0.05071        15       640    0.8661    0.8125    0.8299    0.3366   0.02838  0.007225         0
   240/299     1.54G   0.04729  0.006247         0   0.05354        13       640    0.7957    0.8112    0.7881    0.3183   0.02882  0.007191         0
   241/299     1.54G   0.04101  0.007436         0   0.04845        15       640    0.8478    0.8124    0.8557    0.3601   0.02821  0.007189         0
   242/299     1.54G   0.03059  0.007222         0   0.03781        18       640    0.8132    0.8333    0.8221    0.3478   0.02833  0.007173         0
   243/299     1.54G   0.04078  0.006976         0   0.04775        16       640    0.8132    0.8333    0.8221    0.3478   0.02833  0.007173         0
   244/299     1.54G   0.03941  0.007063         0   0.04647        11       640    0.7841    0.8333    0.7781    0.3235   0.02879   0.00714         0
   245/299     1.54G   0.04263  0.007037         0   0.04967        12       640    0.8541     0.854    0.8598     0.342   0.02845  0.007085         0
   246/299     1.54G   0.03547  0.005757         0   0.04123         9       640     0.907    0.8124     0.879    0.3649   0.02805  0.007042         0
   247/299     1.54G    0.0365  0.007366         0   0.04387        19       640     0.907    0.8124     0.879    0.3649   0.02805  0.007042         0
   248/299     1.54G   0.03587  0.006478         0   0.04235        15       640    0.8853    0.8125    0.8779    0.3571   0.02822  0.007039         0
   249/299     1.54G   0.03159   0.00534         0   0.03693        11       640    0.8863     0.812    0.8722    0.3367   0.02874  0.006997         0
   250/299     1.54G   0.03737  0.006416         0   0.04378        10       640    0.8636    0.7912    0.8396    0.2926   0.02925  0.006989         0
   251/299     1.54G   0.03422  0.006916         0   0.04114        18       640    0.8636    0.7912    0.8396    0.2926   0.02925  0.006989         0
   252/299     1.54G   0.04436  0.008002         0   0.05236        20       640    0.8832    0.7917    0.8339    0.2568   0.03048  0.006941         0
   253/299     1.54G   0.04304   0.00673         0   0.04977        15       640    0.8658    0.8125    0.8288    0.2897   0.02917  0.006956         0
   254/299     1.54G   0.03944  0.007519         0   0.04696        13       640    0.8695    0.8327    0.8607    0.3604   0.02792  0.006979         0
   255/299     1.54G   0.03242  0.005669         0   0.03809        20       640    0.8695    0.8327    0.8607    0.3604   0.02792  0.006979         0
   256/299     1.54G   0.03969  0.007593         0   0.04729        13       640    0.9498    0.7917    0.8961    0.3464   0.02938  0.006928         0
   257/299     1.54G   0.03842  0.006811         0   0.04523         9       640    0.8689    0.8333    0.8583     0.359   0.02919  0.006869         0
   258/299     1.54G   0.03821  0.006213         0   0.04442        11       640    0.8235     0.875    0.8615    0.3464   0.02933  0.006844         0
   259/299     1.54G   0.03586  0.006648         0   0.04251         9       640    0.8235     0.875    0.8615    0.3464   0.02933  0.006844         0
   260/299     1.54G   0.03584    0.0054         0   0.04124        11       640    0.8541    0.8538    0.8418    0.3238   0.03075  0.006784         0
   261/299     1.54G   0.04156  0.007613         0   0.04918        14       640    0.8367    0.8539    0.8377    0.3329   0.03007  0.006829         0
   262/299     1.54G   0.03007   0.00665         0   0.03672        10       640    0.9252    0.7917     0.855    0.3555   0.02791   0.00699         0
   263/299     1.54G   0.03689  0.007657         0   0.04455        18       640    0.9252    0.7917     0.855    0.3555   0.02791   0.00699         0
   264/299     1.54G    0.0329  0.006983         0   0.03988        20       640    0.9505    0.8125    0.8953    0.3436    0.0278  0.007012         0
   265/299     1.54G   0.03125  0.005924         0   0.03718        13       640    0.8567     0.875     0.877    0.3479   0.02721  0.007025         0
   266/299     1.54G   0.04138   0.00771         0   0.04909        15       640    0.8397     0.875    0.8571    0.3697   0.02692  0.007007         0
   267/299     1.54G   0.03927  0.006994         0   0.04626        11       640    0.8397     0.875    0.8571    0.3697   0.02692  0.007007         0
   268/299     1.54G   0.03109  0.006008         0   0.03709        11       640    0.8569     0.875    0.8612    0.3494   0.02762  0.006941         0
   269/299     1.54G   0.03443  0.006951         0   0.04138        10       640    0.8571    0.8748    0.8527    0.3468   0.02752  0.006944         0
   270/299     1.54G   0.03358  0.008555         0   0.04213        18       640     0.857     0.875    0.8546    0.3418   0.02707  0.006947         0
   271/299     1.54G    0.0314  0.006355         0   0.03775        14       640     0.857     0.875    0.8546    0.3418   0.02707  0.006947         0
   272/299     1.54G   0.02949  0.007024         0   0.03651        21       640    0.8599    0.8952    0.8766    0.3413   0.02691  0.006936         0
   273/299     1.54G   0.03682  0.006498         0   0.04332        12       640     0.875    0.8749    0.8779    0.3475   0.02677   0.00693         0
   274/299     1.54G   0.03482   0.00588         0    0.0407        12       640    0.8593    0.8958     0.881     0.344   0.02705  0.006899         0
   275/299     1.54G   0.03762  0.006806         0   0.04442        16       640    0.8593    0.8958     0.881     0.344   0.02705  0.006899         0
   276/299     1.54G    0.0363   0.00598         0   0.04228        13       640    0.8569     0.875    0.8769    0.3339   0.02783  0.006848         0
   277/299     1.54G   0.02966  0.006255         0   0.03592        16       640    0.8571    0.8748    0.8767    0.3344     0.028  0.006836         0
   278/299     1.54G   0.03144  0.006345         0   0.03779        13       640    0.8571     0.875     0.876    0.3471   0.02708    0.0069         0
   279/299     1.54G    0.0374  0.006288         0   0.04369        11       640    0.8571     0.875     0.876    0.3471   0.02708    0.0069         0
   280/299     1.54G   0.03865  0.008156         0    0.0468        15       640    0.8571    0.8747    0.8762    0.3629   0.02766  0.006881         0
   281/299     1.54G    0.0398  0.005768         0   0.04557        12       640      0.84    0.8749    0.8771    0.3783   0.02797  0.006832         0
   282/299     1.54G   0.02988  0.006187         0   0.03607        14       640    0.8541    0.8542    0.8595    0.3783   0.02734  0.006864         0
   283/299     1.54G   0.03645   0.00699         0   0.04344        13       640    0.8541    0.8542    0.8595    0.3783   0.02734  0.006864         0
   284/299     1.54G   0.03567  0.006743         0   0.04242        13       640    0.8567     0.875    0.8577    0.3609   0.02687   0.00688         0
   285/299     1.54G   0.02997  0.006145         0   0.03611        11       640    0.8569     0.875    0.8682    0.3648   0.02634  0.006882         0
   286/299     1.54G   0.03245  0.007533         0   0.03999        18       640    0.8563     0.875    0.8734    0.3779    0.0258  0.006903         0
   287/299     1.54G   0.03872  0.006055         0   0.04478        11       640    0.8563     0.875    0.8734    0.3779    0.0258  0.006903         0
   288/299     1.54G   0.03056  0.006701         0   0.03726        12       640    0.8568     0.875    0.8857    0.3691   0.02559  0.006904         0
   289/299     1.54G   0.03051  0.007289         0    0.0378        16       640    0.8428    0.8958    0.8713    0.3762   0.02571  0.006893         0
   290/299     1.54G   0.03379    0.0064         0   0.04019        10       640    0.8235     0.875    0.8654    0.3596   0.02642    0.0069         0
   291/299     1.54G   0.03605  0.006242         0   0.04229        19       640    0.8235     0.875    0.8654    0.3596   0.02642    0.0069         0
   292/299     1.54G   0.02894  0.006586         0   0.03552        13       640    0.8301    0.9163    0.8896    0.3252   0.02791  0.006859         0
   293/299     1.54G   0.03782  0.006115         0   0.04394        11       640    0.8429    0.8958    0.8903      0.37   0.02681  0.006821         0
   294/299     1.54G   0.03162  0.007272         0   0.03889        15       640    0.8431    0.8958    0.8735    0.3758   0.02592  0.006821         0
   295/299     1.54G   0.03284  0.006474         0   0.03932        19       640    0.8431    0.8958    0.8735    0.3758   0.02592  0.006821         0
   296/299     1.54G   0.03451  0.006433         0   0.04094        12       640    0.8431    0.8958    0.8581    0.3488   0.02598  0.006817         0
   297/299     1.54G   0.02728  0.005914         0   0.03319        12       640    0.8744     0.875    0.8554    0.3773     0.025   0.00685         0
   298/299     1.54G   0.03276  0.007089         0   0.03985         9       640    0.8747     0.875    0.8837    0.3705   0.02513  0.006828         0
   299/299     1.54G   0.02924  0.005137         0   0.03438         8       640    0.8747     0.875    0.8837    0.3705   0.02513  0.006828         0
